1000 100 100 20 20
1 6
1 10
1 22
1 25
1 26
1 27
1 28
1 29
1 43
1 59
1 67
1 75
1 76
1 77
1 81
1 85
1 86
1 92
1 96
1 99
2 6
2 10
2 22
2 25
2 26
2 27
2 28
2 29
2 43
2 59
2 67
2 75
2 76
2 77
2 81
2 85
2 86
2 92
2 96
2 99
4 6
4 10
4 22
4 25
4 26
4 27
4 28
4 29
4 43
4 59
4 67
4 75
4 76
4 77
4 81
4 85
4 86
4 92
4 96
4 99
6 6
6 10
6 22
6 25
6 26
6 27
6 28
6 29
6 43
6 59
6 67
6 75
6 76
6 77
6 81
6 85
6 86
6 92
6 96
6 99
8 6
8 10
8 22
8 25
8 26
8 27
8 28
8 29
8 43
8 59
8 67
8 75
8 76
8 77
8 81
8 85
8 86
8 92
8 96
8 99
12 6
12 10
12 22
12 25
12 26
12 27
12 28
12 29
12 43
12 59
12 67
12 75
12 76
12 77
12 81
12 85
12 86
12 92
12 96
12 99
13 6
13 10
13 22
13 25
13 26
13 27
13 28
13 29
13 43
13 59
13 67
13 75
13 76
13 77
13 81
13 85
13 86
13 92
13 96
13 99
14 6
14 10
14 22
14 25
14 26
14 27
14 28
14 29
14 43
14 59
14 67
14 75
14 76
14 77
14 81
14 85
14 86
14 92
14 96
14 99
25 6
25 10
25 22
25 25
25 26
25 27
25 28
25 29
25 43
25 59
25 67
25 75
25 76
25 77
25 81
25 85
25 86
25 92
25 96
25 99
28 6
28 10
28 22
28 25
28 26
28 27
28 28
28 29
28 43
28 59
28 67
28 75
28 76
28 77
28 81
28 85
28 86
28 92
28 96
28 99
30 6
30 10
30 22
30 25
30 26
30 27
30 28
30 29
30 43
30 59
30 67
30 75
30 76
30 77
30 81
30 85
30 86
30 92
30 96
30 99
35 6
35 10
35 22
35 25
35 26
35 27
35 28
35 29
35 43
35 59
35 67
35 75
35 76
35 77
35 81
35 85
35 86
35 92
35 96
35 99
73 6
73 10
73 22
73 25
73 26
73 27
73 28
73 29
73 43
73 59
73 67
73 75
73 76
73 77
73 81
73 85
73 86
73 92
73 96
73 99
74 6
74 10
74 22
74 25
74 26
74 27
74 28
74 29
74 43
74 59
74 67
74 75
74 76
74 77
74 81
74 85
74 86
74 92
74 96
74 99
80 6
80 10
80 22
80 25
80 26
80 27
80 28
80 29
80 43
80 59
80 67
80 75
80 76
80 77
80 81
80 85
80 86
80 92
80 96
80 99
81 6
81 10
81 22
81 25
81 26
81 27
81 28
81 29
81 43
81 59
81 67
81 75
81 76
81 77
81 81
81 85
81 86
81 92
81 96
81 99
82 6
82 10
82 22
82 25
82 26
82 27
82 28
82 29
82 43
82 59
82 67
82 75
82 76
82 77
82 81
82 85
82 86
82 92
82 96
82 99
94 6
94 10
94 22
94 25
94 26
94 27
94 28
94 29
94 43
94 59
94 67
94 75
94 76
94 77
94 81
94 85
94 86
94 92
94 96
94 99
96 6
96 10
96 22
96 25
96 26
96 27
96 28
96 29
96 43
96 59
96 67
96 75
96 76
96 77
96 81
96 85
96 86
96 92
96 96
96 99
98 6
98 10
98 22
98 25
98 26
98 27
98 28
98 29
98 43
98 59
98 67
98 75
98 76
98 77
98 81
98 85
98 86
98 92
98 96
98 99
38 2
56 46
18 90
98 16
76 72
28 35
52 59
66 97
8 62
91 2
17 30
66 12
1 73
43 76
53 68
63 7
12 44
95 82
55 76
53 5
96 93
53 85
44 68
31 50
10 41
91 82
15 9
64 92
48 85
86 17
52 96
5 39
59 49
47 41
76 94
37 0
79 26
39 60
71 33
82 47
34 75
12 64
35 46
52 98
14 56
11 61
26 32
12 89
73 14
74 61
95 33
96 31
54 35
11 33
49 6
65 31
97 33
98 82
44 39
78 78
66 73
76 96
34 76
21 60
34 97
31 76
39 55
98 88
90 72
95 68
29 20
64 81
35 37
13 20
2 50
26 36
47 10
87 15
18 66
80 18
28 34
95 90
45 47
2 44
95 45
90 44
67 62
17 43
93 81
0 38
59 12
33 86
19 8
92 33
58 21
14 54
51 4
47 60
38 21
96 69
30 7
19 64
99 39
64 4
41 33
15 64
78 47
28 89
12 16
77 59
48 90
76 8
96 80
42 47
42 17
17 18
23 99
79 13
97 5
40 53
61 90
92 46
82 8
27 9
16 37
39 35
46 85
98 60
65 39
73 1
90 70
7 20
83 26
4 37
38 74
89 3
39 79
66 8
94 65
14 33
65 67
4 79
62 67
89 61
11 40
31 28
17 19
15 26
34 17
37 10
36 63
71 98
51 5
37 2
15 0
96 38
52 39
58 27
16 10
88 35
92 86
25 17
23 59
96 14
21 18
85 58
41 71
69 7
5 56
85 1
8 20
3 5
3 98
1 55
53 63
84 71
37 11
39 15
56 68
85 11
92 22
74 32
19 97
10 63
26 74
73 15
66 23
6 90
66 50
84 80
63 10
88 58
15 10
41 0
62 88
6 36
55 69
61 76
39 63
1 79
72 56
65 61
18 9
76 15
1 32
92 11
48 8
79 63
61 10
99 30
8 91
49 12
7 1
51 84
49 1
74 9
35 87
13 23
58 90
43 5
92 88
29 82
98 63
66 41
79 31
5 75
16 25
50 20
94 38
34 55
99 66
23 34
97 97
92 58
22 89
31 17
14 58
82 15
52 25
2 98
11 82
20 6
64 56
13 41
33 63
30 49
48 20
48 5
36 8
39 52
1 70
3 39
71 89
16 6
93 11
45 41
3 29
72 82
20 86
28 38
89 85
99 11
93 53
87 51
63 40
0 57
72 85
18 76
91 34
0 66
43 62
61 61
35 14
55 43
19 94
74 57
35 63
81 11
56 57
84 27
8 70
94 17
65 16
47 33
66 20
94 93
60 83
75 0
63 54
98 79
18 38
22 60
69 29
65 28
76 97
55 75
50 89
55 51
21 92
44 2
3 3
3 84
51 28
2 35
58 66
54 26
63 11
30 40
0 22
70 24
75 44
70 88
95 53
40 62
61 54
78 93
55 91
75 95
77 34
16 88
10 77
72 96
83 5
96 2
84 42
7 64
87 77
36 81
39 74
27 92
49 18
71 31
32 57
53 94
99 12
7 3
6 84
20 25
84 68
18 96
99 5
87 93
48 67
75 89
45 60
63 38
88 21
89 9
91 14
99 70
28 57
26 59
57 4
77 99
11 41
41 80
71 74
57 82
52 48
85 96
89 54
84 0
36 84
33 34
66 88
78 74
76 7
61 38
26 15
7 53
22 27
33 62
33 67
66 81
94 69
28 83
25 64
12 32
97 30
7 58
87 47
28 88
84 76
3 40
15 8
67 75
97 22
85 39
63 25
32 16
91 47
27 96
43 26
86 93
56 62
21 83
92 25
67 10
85 94
0 75
4 14
92 47
98 95
84 85
34 13
36 90
67 95
76 27
73 7
95 89
80 62
62 78
67 7
86 67
50 13
73 36
75 71
7 2
78 3
64 0
3 21
18 26
56 64
15 49
19 51
8 46
63 89
48 62
72 0
24 89
74 36
82 32
72 46
40 67
71 93
43 45
76 19
83 8
86 44
46 23
34 91
51 58
50 88
27 55
14 87
43 11
50 60
5 93
42 26
52 22
29 79
91 35
15 94
7 25
62 25
90 4
5 59
68 25
28 23
41 5
97 79
49 23
50 14
37 55
23 20
95 44
6 93
98 32
1 9
67 37
65 51
46 49
48 29
0 90
75 38
17 33
80 58
58 1
61 11
21 39
32 27
38 55
7 30
6 15
22 74
56 17
19 10
47 71
41 8
43 46
71 90
15 52
33 0
88 92
90 80
99 9
79 23
87 26
82 55
55 56
87 16
99 47
50 26
67 47
32 54
6 50
58 75
76 53
86 80
84 19
55 13
15 6
8 64
86 98
21 89
29 16
57 15
62 37
97 46
96 64
46 25
4 8
14 73
58 56
94 48
88 63
89 28
39 75
80 8
55 59
89 87
14 98
5 7
21 57
63 52
37 86
32 29
1 53
11 44
2 5
53 66
32 87
44 90
85 23
49 76
90 68
17 45
32 51
0 39
70 67
17 16
8 13
12 84
6 38
90 8
30 95
72 43
77 24
85 45
27 74
28 47
46 98
41 41
23 35
6 51
54 57
69 79
36 16
15 25
36 71
66 55
75 16
9 11
34 7
40 17
91 33
34 68
27 22
43 17
65 58
82 36
85 95
55 65
7 5
85 36
64 16
93 90
38 79
76 59
96 97
88 7
55 8
39 83
70 59
19 37
21 24
82 58
51 60
27 19
39 86
