2400 100 100 40 40
2 8
2 9
2 10
2 14
2 16
2 19
2 22
2 23
2 25
2 26
2 28
2 29
2 31
2 33
2 40
2 43
2 44
2 45
2 48
2 61
2 62
2 64
2 65
2 66
2 68
2 70
2 74
2 75
2 78
2 79
2 80
2 83
2 86
2 88
2 89
2 90
2 92
2 94
2 97
2 99
6 8
6 9
6 10
6 14
6 16
6 19
6 22
6 23
6 25
6 26
6 28
6 29
6 31
6 33
6 40
6 43
6 44
6 45
6 48
6 61
6 62
6 64
6 65
6 66
6 68
6 70
6 74
6 75
6 78
6 79
6 80
6 83
6 86
6 88
6 89
6 90
6 92
6 94
6 97
6 99
7 8
7 9
7 10
7 14
7 16
7 19
7 22
7 23
7 25
7 26
7 28
7 29
7 31
7 33
7 40
7 43
7 44
7 45
7 48
7 61
7 62
7 64
7 65
7 66
7 68
7 70
7 74
7 75
7 78
7 79
7 80
7 83
7 86
7 88
7 89
7 90
7 92
7 94
7 97
7 99
11 8
11 9
11 10
11 14
11 16
11 19
11 22
11 23
11 25
11 26
11 28
11 29
11 31
11 33
11 40
11 43
11 44
11 45
11 48
11 61
11 62
11 64
11 65
11 66
11 68
11 70
11 74
11 75
11 78
11 79
11 80
11 83
11 86
11 88
11 89
11 90
11 92
11 94
11 97
11 99
13 8
13 9
13 10
13 14
13 16
13 19
13 22
13 23
13 25
13 26
13 28
13 29
13 31
13 33
13 40
13 43
13 44
13 45
13 48
13 61
13 62
13 64
13 65
13 66
13 68
13 70
13 74
13 75
13 78
13 79
13 80
13 83
13 86
13 88
13 89
13 90
13 92
13 94
13 97
13 99
15 8
15 9
15 10
15 14
15 16
15 19
15 22
15 23
15 25
15 26
15 28
15 29
15 31
15 33
15 40
15 43
15 44
15 45
15 48
15 61
15 62
15 64
15 65
15 66
15 68
15 70
15 74
15 75
15 78
15 79
15 80
15 83
15 86
15 88
15 89
15 90
15 92
15 94
15 97
15 99
18 8
18 9
18 10
18 14
18 16
18 19
18 22
18 23
18 25
18 26
18 28
18 29
18 31
18 33
18 40
18 43
18 44
18 45
18 48
18 61
18 62
18 64
18 65
18 66
18 68
18 70
18 74
18 75
18 78
18 79
18 80
18 83
18 86
18 88
18 89
18 90
18 92
18 94
18 97
18 99
19 8
19 9
19 10
19 14
19 16
19 19
19 22
19 23
19 25
19 26
19 28
19 29
19 31
19 33
19 40
19 43
19 44
19 45
19 48
19 61
19 62
19 64
19 65
19 66
19 68
19 70
19 74
19 75
19 78
19 79
19 80
19 83
19 86
19 88
19 89
19 90
19 92
19 94
19 97
19 99
23 8
23 9
23 10
23 14
23 16
23 19
23 22
23 23
23 25
23 26
23 28
23 29
23 31
23 33
23 40
23 43
23 44
23 45
23 48
23 61
23 62
23 64
23 65
23 66
23 68
23 70
23 74
23 75
23 78
23 79
23 80
23 83
23 86
23 88
23 89
23 90
23 92
23 94
23 97
23 99
25 8
25 9
25 10
25 14
25 16
25 19
25 22
25 23
25 25
25 26
25 28
25 29
25 31
25 33
25 40
25 43
25 44
25 45
25 48
25 61
25 62
25 64
25 65
25 66
25 68
25 70
25 74
25 75
25 78
25 79
25 80
25 83
25 86
25 88
25 89
25 90
25 92
25 94
25 97
25 99
26 8
26 9
26 10
26 14
26 16
26 19
26 22
26 23
26 25
26 26
26 28
26 29
26 31
26 33
26 40
26 43
26 44
26 45
26 48
26 61
26 62
26 64
26 65
26 66
26 68
26 70
26 74
26 75
26 78
26 79
26 80
26 83
26 86
26 88
26 89
26 90
26 92
26 94
26 97
26 99
33 8
33 9
33 10
33 14
33 16
33 19
33 22
33 23
33 25
33 26
33 28
33 29
33 31
33 33
33 40
33 43
33 44
33 45
33 48
33 61
33 62
33 64
33 65
33 66
33 68
33 70
33 74
33 75
33 78
33 79
33 80
33 83
33 86
33 88
33 89
33 90
33 92
33 94
33 97
33 99
34 8
34 9
34 10
34 14
34 16
34 19
34 22
34 23
34 25
34 26
34 28
34 29
34 31
34 33
34 40
34 43
34 44
34 45
34 48
34 61
34 62
34 64
34 65
34 66
34 68
34 70
34 74
34 75
34 78
34 79
34 80
34 83
34 86
34 88
34 89
34 90
34 92
34 94
34 97
34 99
36 8
36 9
36 10
36 14
36 16
36 19
36 22
36 23
36 25
36 26
36 28
36 29
36 31
36 33
36 40
36 43
36 44
36 45
36 48
36 61
36 62
36 64
36 65
36 66
36 68
36 70
36 74
36 75
36 78
36 79
36 80
36 83
36 86
36 88
36 89
36 90
36 92
36 94
36 97
36 99
37 8
37 9
37 10
37 14
37 16
37 19
37 22
37 23
37 25
37 26
37 28
37 29
37 31
37 33
37 40
37 43
37 44
37 45
37 48
37 61
37 62
37 64
37 65
37 66
37 68
37 70
37 74
37 75
37 78
37 79
37 80
37 83
37 86
37 88
37 89
37 90
37 92
37 94
37 97
37 99
39 8
39 9
39 10
39 14
39 16
39 19
39 22
39 23
39 25
39 26
39 28
39 29
39 31
39 33
39 40
39 43
39 44
39 45
39 48
39 61
39 62
39 64
39 65
39 66
39 68
39 70
39 74
39 75
39 78
39 79
39 80
39 83
39 86
39 88
39 89
39 90
39 92
39 94
39 97
39 99
45 8
45 9
45 10
45 14
45 16
45 19
45 22
45 23
45 25
45 26
45 28
45 29
45 31
45 33
45 40
45 43
45 44
45 45
45 48
45 61
45 62
45 64
45 65
45 66
45 68
45 70
45 74
45 75
45 78
45 79
45 80
45 83
45 86
45 88
45 89
45 90
45 92
45 94
45 97
45 99
47 8
47 9
47 10
47 14
47 16
47 19
47 22
47 23
47 25
47 26
47 28
47 29
47 31
47 33
47 40
47 43
47 44
47 45
47 48
47 61
47 62
47 64
47 65
47 66
47 68
47 70
47 74
47 75
47 78
47 79
47 80
47 83
47 86
47 88
47 89
47 90
47 92
47 94
47 97
47 99
48 8
48 9
48 10
48 14
48 16
48 19
48 22
48 23
48 25
48 26
48 28
48 29
48 31
48 33
48 40
48 43
48 44
48 45
48 48
48 61
48 62
48 64
48 65
48 66
48 68
48 70
48 74
48 75
48 78
48 79
48 80
48 83
48 86
48 88
48 89
48 90
48 92
48 94
48 97
48 99
51 8
51 9
51 10
51 14
51 16
51 19
51 22
51 23
51 25
51 26
51 28
51 29
51 31
51 33
51 40
51 43
51 44
51 45
51 48
51 61
51 62
51 64
51 65
51 66
51 68
51 70
51 74
51 75
51 78
51 79
51 80
51 83
51 86
51 88
51 89
51 90
51 92
51 94
51 97
51 99
53 8
53 9
53 10
53 14
53 16
53 19
53 22
53 23
53 25
53 26
53 28
53 29
53 31
53 33
53 40
53 43
53 44
53 45
53 48
53 61
53 62
53 64
53 65
53 66
53 68
53 70
53 74
53 75
53 78
53 79
53 80
53 83
53 86
53 88
53 89
53 90
53 92
53 94
53 97
53 99
56 8
56 9
56 10
56 14
56 16
56 19
56 22
56 23
56 25
56 26
56 28
56 29
56 31
56 33
56 40
56 43
56 44
56 45
56 48
56 61
56 62
56 64
56 65
56 66
56 68
56 70
56 74
56 75
56 78
56 79
56 80
56 83
56 86
56 88
56 89
56 90
56 92
56 94
56 97
56 99
58 8
58 9
58 10
58 14
58 16
58 19
58 22
58 23
58 25
58 26
58 28
58 29
58 31
58 33
58 40
58 43
58 44
58 45
58 48
58 61
58 62
58 64
58 65
58 66
58 68
58 70
58 74
58 75
58 78
58 79
58 80
58 83
58 86
58 88
58 89
58 90
58 92
58 94
58 97
58 99
59 8
59 9
59 10
59 14
59 16
59 19
59 22
59 23
59 25
59 26
59 28
59 29
59 31
59 33
59 40
59 43
59 44
59 45
59 48
59 61
59 62
59 64
59 65
59 66
59 68
59 70
59 74
59 75
59 78
59 79
59 80
59 83
59 86
59 88
59 89
59 90
59 92
59 94
59 97
59 99
62 8
62 9
62 10
62 14
62 16
62 19
62 22
62 23
62 25
62 26
62 28
62 29
62 31
62 33
62 40
62 43
62 44
62 45
62 48
62 61
62 62
62 64
62 65
62 66
62 68
62 70
62 74
62 75
62 78
62 79
62 80
62 83
62 86
62 88
62 89
62 90
62 92
62 94
62 97
62 99
63 8
63 9
63 10
63 14
63 16
63 19
63 22
63 23
63 25
63 26
63 28
63 29
63 31
63 33
63 40
63 43
63 44
63 45
63 48
63 61
63 62
63 64
63 65
63 66
63 68
63 70
63 74
63 75
63 78
63 79
63 80
63 83
63 86
63 88
63 89
63 90
63 92
63 94
63 97
63 99
66 8
66 9
66 10
66 14
66 16
66 19
66 22
66 23
66 25
66 26
66 28
66 29
66 31
66 33
66 40
66 43
66 44
66 45
66 48
66 61
66 62
66 64
66 65
66 66
66 68
66 70
66 74
66 75
66 78
66 79
66 80
66 83
66 86
66 88
66 89
66 90
66 92
66 94
66 97
66 99
69 8
69 9
69 10
69 14
69 16
69 19
69 22
69 23
69 25
69 26
69 28
69 29
69 31
69 33
69 40
69 43
69 44
69 45
69 48
69 61
69 62
69 64
69 65
69 66
69 68
69 70
69 74
69 75
69 78
69 79
69 80
69 83
69 86
69 88
69 89
69 90
69 92
69 94
69 97
69 99
73 8
73 9
73 10
73 14
73 16
73 19
73 22
73 23
73 25
73 26
73 28
73 29
73 31
73 33
73 40
73 43
73 44
73 45
73 48
73 61
73 62
73 64
73 65
73 66
73 68
73 70
73 74
73 75
73 78
73 79
73 80
73 83
73 86
73 88
73 89
73 90
73 92
73 94
73 97
73 99
79 8
79 9
79 10
79 14
79 16
79 19
79 22
79 23
79 25
79 26
79 28
79 29
79 31
79 33
79 40
79 43
79 44
79 45
79 48
79 61
79 62
79 64
79 65
79 66
79 68
79 70
79 74
79 75
79 78
79 79
79 80
79 83
79 86
79 88
79 89
79 90
79 92
79 94
79 97
79 99
82 8
82 9
82 10
82 14
82 16
82 19
82 22
82 23
82 25
82 26
82 28
82 29
82 31
82 33
82 40
82 43
82 44
82 45
82 48
82 61
82 62
82 64
82 65
82 66
82 68
82 70
82 74
82 75
82 78
82 79
82 80
82 83
82 86
82 88
82 89
82 90
82 92
82 94
82 97
82 99
85 8
85 9
85 10
85 14
85 16
85 19
85 22
85 23
85 25
85 26
85 28
85 29
85 31
85 33
85 40
85 43
85 44
85 45
85 48
85 61
85 62
85 64
85 65
85 66
85 68
85 70
85 74
85 75
85 78
85 79
85 80
85 83
85 86
85 88
85 89
85 90
85 92
85 94
85 97
85 99
86 8
86 9
86 10
86 14
86 16
86 19
86 22
86 23
86 25
86 26
86 28
86 29
86 31
86 33
86 40
86 43
86 44
86 45
86 48
86 61
86 62
86 64
86 65
86 66
86 68
86 70
86 74
86 75
86 78
86 79
86 80
86 83
86 86
86 88
86 89
86 90
86 92
86 94
86 97
86 99
87 8
87 9
87 10
87 14
87 16
87 19
87 22
87 23
87 25
87 26
87 28
87 29
87 31
87 33
87 40
87 43
87 44
87 45
87 48
87 61
87 62
87 64
87 65
87 66
87 68
87 70
87 74
87 75
87 78
87 79
87 80
87 83
87 86
87 88
87 89
87 90
87 92
87 94
87 97
87 99
88 8
88 9
88 10
88 14
88 16
88 19
88 22
88 23
88 25
88 26
88 28
88 29
88 31
88 33
88 40
88 43
88 44
88 45
88 48
88 61
88 62
88 64
88 65
88 66
88 68
88 70
88 74
88 75
88 78
88 79
88 80
88 83
88 86
88 88
88 89
88 90
88 92
88 94
88 97
88 99
91 8
91 9
91 10
91 14
91 16
91 19
91 22
91 23
91 25
91 26
91 28
91 29
91 31
91 33
91 40
91 43
91 44
91 45
91 48
91 61
91 62
91 64
91 65
91 66
91 68
91 70
91 74
91 75
91 78
91 79
91 80
91 83
91 86
91 88
91 89
91 90
91 92
91 94
91 97
91 99
92 8
92 9
92 10
92 14
92 16
92 19
92 22
92 23
92 25
92 26
92 28
92 29
92 31
92 33
92 40
92 43
92 44
92 45
92 48
92 61
92 62
92 64
92 65
92 66
92 68
92 70
92 74
92 75
92 78
92 79
92 80
92 83
92 86
92 88
92 89
92 90
92 92
92 94
92 97
92 99
96 8
96 9
96 10
96 14
96 16
96 19
96 22
96 23
96 25
96 26
96 28
96 29
96 31
96 33
96 40
96 43
96 44
96 45
96 48
96 61
96 62
96 64
96 65
96 66
96 68
96 70
96 74
96 75
96 78
96 79
96 80
96 83
96 86
96 88
96 89
96 90
96 92
96 94
96 97
96 99
97 8
97 9
97 10
97 14
97 16
97 19
97 22
97 23
97 25
97 26
97 28
97 29
97 31
97 33
97 40
97 43
97 44
97 45
97 48
97 61
97 62
97 64
97 65
97 66
97 68
97 70
97 74
97 75
97 78
97 79
97 80
97 83
97 86
97 88
97 89
97 90
97 92
97 94
97 97
97 99
98 8
98 9
98 10
98 14
98 16
98 19
98 22
98 23
98 25
98 26
98 28
98 29
98 31
98 33
98 40
98 43
98 44
98 45
98 48
98 61
98 62
98 64
98 65
98 66
98 68
98 70
98 74
98 75
98 78
98 79
98 80
98 83
98 86
98 88
98 89
98 90
98 92
98 94
98 97
98 99
3 78
78 60
78 10
34 96
52 55
12 48
64 78
27 73
94 27
77 58
41 74
47 60
72 29
75 41
2 60
24 23
5 90
18 81
54 48
66 54
92 2
68 32
79 85
76 19
14 1
10 48
41 78
12 25
36 56
81 62
61 89
5 87
31 12
17 88
35 77
63 46
63 76
83 84
55 79
31 31
49 52
24 18
64 46
26 42
65 9
72 72
75 96
34 20
28 18
78 37
86 47
57 51
55 26
60 60
72 56
17 23
40 77
83 18
68 78
20 40
56 4
69 18
78 91
2 7
49 76
4 42
64 51
0 56
85 36
43 9
46 99
98 30
9 56
90 50
30 4
14 96
38 25
64 77
72 25
16 10
75 80
42 99
4 27
43 44
45 98
44 91
0 3
38 43
74 89
64 82
48 41
40 12
58 1
50 51
71 8
40 64
70 43
16 32
72 80
52 37
68 5
50 65
1 17
78 99
71 81
81 83
50 35
76 22
54 42
40 21
10 29
5 19
22 73
94 71
0 97
95 50
10 13
89 12
97 2
77 4
48 39
35 79
14 97
16 17
74 9
58 50
93 92
17 38
75 0
17 61
58 77
32 13
64 4
18 6
12 42
93 95
58 59
36 6
10 80
16 51
38 48
71 99
60 48
71 64
87 39
24 99
40 95
1 43
81 97
10 40
77 38
58 20
8 9
8 17
10 97
36 52
37 52
57 97
48 1
42 86
63 20
15 67
32 5
15 50
62 60
98 7
7 6
57 66
55 11
24 55
38 59
26 36
95 55
66 69
60 8
20 75
35 17
79 0
75 77
39 12
7 51
12 13
75 3
50 42
51 0
54 89
23 0
91 85
49 62
21 3
88 15
95 63
57 73
55 58
96 91
78 17
15 37
52 93
22 23
83 56
45 6
0 24
78 79
38 84
22 69
99 86
28 39
51 1
96 63
53 35
81 21
21 71
0 58
78 96
23 30
81 39
67 62
87 5
23 4
74 12
3 27
32 19
37 93
33 76
23 35
71 25
63 47
84 98
97 42
86 81
33 41
13 21
22 16
13 87
20 32
89 96
53 60
42 14
57 26
99 78
73 93
49 37
57 18
1 4
83 19
9 10
36 73
56 21
54 52
3 97
9 8
76 38
43 30
20 91
90 22
36 84
78 2
21 31
81 98
48 5
99 2
80 94
61 33
31 17
44 71
70 37
64 61
71 84
36 54
24 41
76 72
90 70
12 95
71 50
3 63
21 56
17 43
50 18
6 5
1 83
9 42
28 72
27 25
53 49
95 26
61 20
81 19
7 52
83 40
71 97
71 43
67 83
5 34
29 18
61 3
19 73
1 94
11 39
63 72
1 85
26 39
19 6
3 62
24 44
49 66
25 47
24 11
21 4
79 82
47 36
29 23
47 18
68 7
1 41
41 79
76 23
65 47
57 44
95 31
55 9
4 73
25 50
40 17
24 95
72 1
40 24
56 24
44 56
72 48
92 72
52 90
0 25
42 47
48 6
38 78
8 67
95 1
87 37
21 62
38 2
80 88
68 64
50 46
76 32
9 62
61 80
61 17
17 66
88 13
3 79
33 12
61 86
44 18
45 41
77 62
54 99
4 75
36 96
56 13
6 38
42 52
9 44
52 25
71 2
77 5
68 23
23 93
27 77
59 0
75 12
46 98
9 28
12 97
31 73
92 69
12 8
93 25
70 11
85 42
60 2
60 25
42 74
15 7
83 61
65 10
64 33
34 15
22 38
99 15
70 67
52 65
2 56
35 3
42 69
55 19
40 78
90 52
25 58
36 58
73 27
20 86
59 21
81 34
83 63
80 82
28 44
18 39
9 83
21 84
76 6
57 37
80 34
31 55
76 76
60 54
95 99
20 77
95 19
91 84
1 90
75 64
32 83
29 89
12 52
40 73
85 96
24 91
49 86
20 50
56 11
13 52
24 31
8 3
75 94
41 61
17 96
93 48
33 4
89 32
72 47
8 99
7 67
71 75
27 6
41 71
52 16
13 77
52 7
89 54
60 39
68 27
10 85
46 19
81 89
23 12
13 53
13 39
9 34
22 98
79 21
61 77
86 4
62 11
8 43
91 81
1 80
70 39
50 61
15 42
88 57
84 37
30 93
10 21
27 79
46 71
5 14
13 58
77 99
97 98
50 26
65 68
96 7
22 81
2 54
12 85
38 67
37 11
23 18
2 34
29 81
18 3
71 78
21 67
5 41
22 59
94 58
64 84
6 50
81 76
15 96
82 39
36 77
60 63
27 30
24 94
81 72
32 74
20 94
46 30
9 48
83 88
44 40
31 89
43 43
94 81
34 17
90 32
97 17
9 63
69 82
14 79
91 37
15 34
49 6
31 33
49 94
48 12
73 77
32 58
0 87
50 75
21 35
15 52
5 95
55 30
65 37
77 7
56 98
99 35
27 89
84 39
74 16
22 88
45 59
47 24
67 49
96 67
83 14
76 11
87 3
84 78
74 96
87 87
75 15
81 96
58 37
57 4
74 86
91 71
22 79
5 18
50 82
67 7
9 76
16 82
74 61
78 64
42 65
8 97
31 5
17 39
36 35
93 23
12 21
13 27
62 91
86 39
0 22
31 96
95 38
16 85
13 41
39 85
94 59
36 82
24 68
33 30
95 17
12 31
81 2
61 37
8 29
99 17
72 64
88 38
12 26
24 24
23 36
76 30
3 80
54 55
2 21
7 59
80 1
14 72
39 42
61 15
89 85
89 30
32 69
99 8
26 77
70 47
4 64
30 38
60 51
81 4
59 82
49 48
72 15
52 86
7 37
70 89
67 50
39 63
85 21
10 67
42 33
67 4
24 56
1 71
22 53
41 36
92 47
56 95
30 75
0 46
15 36
5 7
16 92
81 78
49 53
32 25
64 18
38 58
40 98
69 17
76 81
89 34
19 50
38 49
94 95
87 7
66 2
20 81
26 71
13 2
10 16
36 41
20 23
60 78
65 91
67 38
17 46
5 81
43 34
81 77
45 52
78 30
29 82
70 87
88 60
62 32
32 2
25 17
55 69
43 71
57 74
14 88
3 38
44 62
8 77
41 89
5 97
17 47
84 59
52 39
97 87
14 71
70 36
94 74
7 13
51 24
41 58
3 12
48 0
19 30
57 83
42 46
95 16
75 28
58 76
87 6
53 5
67 47
31 25
2 37
43 61
81 25
77 66
83 35
16 15
65 72
16 9
53 18
25 55
44 70
18 98
19 59
33 54
73 13
66 21
99 11
5 23
32 97
74 14
67 42
57 11
17 42
75 69
38 10
83 16
63 58
69 42
33 87
94 70
75 84
77 32
7 72
50 30
29 9
89 77
40 70
44 33
89 42
1 63
12 49
79 39
17 82
68 3
48 93
97 7
17 4
13 35
56 46
44 21
20 72
5 21
28 15
65 79
57 89
87 21
96 35
63 42
31 85
99 36
43 13
72 83
63 0
42 97
14 46
4 40
89 88
78 71
42 16
57 41
74 73
86 37
55 17
69 67
93 52
27 71
90 77
1 81
76 21
15 1
17 26
70 13
86 84
7 1
17 81
70 95
10 15
48 53
80 91
40 10
98 81
10 52
98 67
20 53
