4600 100 100 60 60
3 1
3 2
3 8
3 9
3 10
3 11
3 15
3 17
3 19
3 21
3 22
3 23
3 24
3 28
3 29
3 30
3 31
3 32
3 35
3 36
3 37
3 39
3 41
3 43
3 44
3 45
3 46
3 47
3 50
3 51
3 53
3 54
3 56
3 57
3 60
3 65
3 66
3 67
3 68
3 70
3 71
3 72
3 73
3 77
3 78
3 79
3 80
3 81
3 82
3 85
3 86
3 87
3 88
3 89
3 91
3 92
3 93
3 94
3 96
3 97
5 1
5 2
5 8
5 9
5 10
5 11
5 15
5 17
5 19
5 21
5 22
5 23
5 24
5 28
5 29
5 30
5 31
5 32
5 35
5 36
5 37
5 39
5 41
5 43
5 44
5 45
5 46
5 47
5 50
5 51
5 53
5 54
5 56
5 57
5 60
5 65
5 66
5 67
5 68
5 70
5 71
5 72
5 73
5 77
5 78
5 79
5 80
5 81
5 82
5 85
5 86
5 87
5 88
5 89
5 91
5 92
5 93
5 94
5 96
5 97
6 1
6 2
6 8
6 9
6 10
6 11
6 15
6 17
6 19
6 21
6 22
6 23
6 24
6 28
6 29
6 30
6 31
6 32
6 35
6 36
6 37
6 39
6 41
6 43
6 44
6 45
6 46
6 47
6 50
6 51
6 53
6 54
6 56
6 57
6 60
6 65
6 66
6 67
6 68
6 70
6 71
6 72
6 73
6 77
6 78
6 79
6 80
6 81
6 82
6 85
6 86
6 87
6 88
6 89
6 91
6 92
6 93
6 94
6 96
6 97
7 1
7 2
7 8
7 9
7 10
7 11
7 15
7 17
7 19
7 21
7 22
7 23
7 24
7 28
7 29
7 30
7 31
7 32
7 35
7 36
7 37
7 39
7 41
7 43
7 44
7 45
7 46
7 47
7 50
7 51
7 53
7 54
7 56
7 57
7 60
7 65
7 66
7 67
7 68
7 70
7 71
7 72
7 73
7 77
7 78
7 79
7 80
7 81
7 82
7 85
7 86
7 87
7 88
7 89
7 91
7 92
7 93
7 94
7 96
7 97
8 1
8 2
8 8
8 9
8 10
8 11
8 15
8 17
8 19
8 21
8 22
8 23
8 24
8 28
8 29
8 30
8 31
8 32
8 35
8 36
8 37
8 39
8 41
8 43
8 44
8 45
8 46
8 47
8 50
8 51
8 53
8 54
8 56
8 57
8 60
8 65
8 66
8 67
8 68
8 70
8 71
8 72
8 73
8 77
8 78
8 79
8 80
8 81
8 82
8 85
8 86
8 87
8 88
8 89
8 91
8 92
8 93
8 94
8 96
8 97
11 1
11 2
11 8
11 9
11 10
11 11
11 15
11 17
11 19
11 21
11 22
11 23
11 24
11 28
11 29
11 30
11 31
11 32
11 35
11 36
11 37
11 39
11 41
11 43
11 44
11 45
11 46
11 47
11 50
11 51
11 53
11 54
11 56
11 57
11 60
11 65
11 66
11 67
11 68
11 70
11 71
11 72
11 73
11 77
11 78
11 79
11 80
11 81
11 82
11 85
11 86
11 87
11 88
11 89
11 91
11 92
11 93
11 94
11 96
11 97
12 1
12 2
12 8
12 9
12 10
12 11
12 15
12 17
12 19
12 21
12 22
12 23
12 24
12 28
12 29
12 30
12 31
12 32
12 35
12 36
12 37
12 39
12 41
12 43
12 44
12 45
12 46
12 47
12 50
12 51
12 53
12 54
12 56
12 57
12 60
12 65
12 66
12 67
12 68
12 70
12 71
12 72
12 73
12 77
12 78
12 79
12 80
12 81
12 82
12 85
12 86
12 87
12 88
12 89
12 91
12 92
12 93
12 94
12 96
12 97
14 1
14 2
14 8
14 9
14 10
14 11
14 15
14 17
14 19
14 21
14 22
14 23
14 24
14 28
14 29
14 30
14 31
14 32
14 35
14 36
14 37
14 39
14 41
14 43
14 44
14 45
14 46
14 47
14 50
14 51
14 53
14 54
14 56
14 57
14 60
14 65
14 66
14 67
14 68
14 70
14 71
14 72
14 73
14 77
14 78
14 79
14 80
14 81
14 82
14 85
14 86
14 87
14 88
14 89
14 91
14 92
14 93
14 94
14 96
14 97
15 1
15 2
15 8
15 9
15 10
15 11
15 15
15 17
15 19
15 21
15 22
15 23
15 24
15 28
15 29
15 30
15 31
15 32
15 35
15 36
15 37
15 39
15 41
15 43
15 44
15 45
15 46
15 47
15 50
15 51
15 53
15 54
15 56
15 57
15 60
15 65
15 66
15 67
15 68
15 70
15 71
15 72
15 73
15 77
15 78
15 79
15 80
15 81
15 82
15 85
15 86
15 87
15 88
15 89
15 91
15 92
15 93
15 94
15 96
15 97
17 1
17 2
17 8
17 9
17 10
17 11
17 15
17 17
17 19
17 21
17 22
17 23
17 24
17 28
17 29
17 30
17 31
17 32
17 35
17 36
17 37
17 39
17 41
17 43
17 44
17 45
17 46
17 47
17 50
17 51
17 53
17 54
17 56
17 57
17 60
17 65
17 66
17 67
17 68
17 70
17 71
17 72
17 73
17 77
17 78
17 79
17 80
17 81
17 82
17 85
17 86
17 87
17 88
17 89
17 91
17 92
17 93
17 94
17 96
17 97
18 1
18 2
18 8
18 9
18 10
18 11
18 15
18 17
18 19
18 21
18 22
18 23
18 24
18 28
18 29
18 30
18 31
18 32
18 35
18 36
18 37
18 39
18 41
18 43
18 44
18 45
18 46
18 47
18 50
18 51
18 53
18 54
18 56
18 57
18 60
18 65
18 66
18 67
18 68
18 70
18 71
18 72
18 73
18 77
18 78
18 79
18 80
18 81
18 82
18 85
18 86
18 87
18 88
18 89
18 91
18 92
18 93
18 94
18 96
18 97
19 1
19 2
19 8
19 9
19 10
19 11
19 15
19 17
19 19
19 21
19 22
19 23
19 24
19 28
19 29
19 30
19 31
19 32
19 35
19 36
19 37
19 39
19 41
19 43
19 44
19 45
19 46
19 47
19 50
19 51
19 53
19 54
19 56
19 57
19 60
19 65
19 66
19 67
19 68
19 70
19 71
19 72
19 73
19 77
19 78
19 79
19 80
19 81
19 82
19 85
19 86
19 87
19 88
19 89
19 91
19 92
19 93
19 94
19 96
19 97
20 1
20 2
20 8
20 9
20 10
20 11
20 15
20 17
20 19
20 21
20 22
20 23
20 24
20 28
20 29
20 30
20 31
20 32
20 35
20 36
20 37
20 39
20 41
20 43
20 44
20 45
20 46
20 47
20 50
20 51
20 53
20 54
20 56
20 57
20 60
20 65
20 66
20 67
20 68
20 70
20 71
20 72
20 73
20 77
20 78
20 79
20 80
20 81
20 82
20 85
20 86
20 87
20 88
20 89
20 91
20 92
20 93
20 94
20 96
20 97
21 1
21 2
21 8
21 9
21 10
21 11
21 15
21 17
21 19
21 21
21 22
21 23
21 24
21 28
21 29
21 30
21 31
21 32
21 35
21 36
21 37
21 39
21 41
21 43
21 44
21 45
21 46
21 47
21 50
21 51
21 53
21 54
21 56
21 57
21 60
21 65
21 66
21 67
21 68
21 70
21 71
21 72
21 73
21 77
21 78
21 79
21 80
21 81
21 82
21 85
21 86
21 87
21 88
21 89
21 91
21 92
21 93
21 94
21 96
21 97
22 1
22 2
22 8
22 9
22 10
22 11
22 15
22 17
22 19
22 21
22 22
22 23
22 24
22 28
22 29
22 30
22 31
22 32
22 35
22 36
22 37
22 39
22 41
22 43
22 44
22 45
22 46
22 47
22 50
22 51
22 53
22 54
22 56
22 57
22 60
22 65
22 66
22 67
22 68
22 70
22 71
22 72
22 73
22 77
22 78
22 79
22 80
22 81
22 82
22 85
22 86
22 87
22 88
22 89
22 91
22 92
22 93
22 94
22 96
22 97
23 1
23 2
23 8
23 9
23 10
23 11
23 15
23 17
23 19
23 21
23 22
23 23
23 24
23 28
23 29
23 30
23 31
23 32
23 35
23 36
23 37
23 39
23 41
23 43
23 44
23 45
23 46
23 47
23 50
23 51
23 53
23 54
23 56
23 57
23 60
23 65
23 66
23 67
23 68
23 70
23 71
23 72
23 73
23 77
23 78
23 79
23 80
23 81
23 82
23 85
23 86
23 87
23 88
23 89
23 91
23 92
23 93
23 94
23 96
23 97
24 1
24 2
24 8
24 9
24 10
24 11
24 15
24 17
24 19
24 21
24 22
24 23
24 24
24 28
24 29
24 30
24 31
24 32
24 35
24 36
24 37
24 39
24 41
24 43
24 44
24 45
24 46
24 47
24 50
24 51
24 53
24 54
24 56
24 57
24 60
24 65
24 66
24 67
24 68
24 70
24 71
24 72
24 73
24 77
24 78
24 79
24 80
24 81
24 82
24 85
24 86
24 87
24 88
24 89
24 91
24 92
24 93
24 94
24 96
24 97
25 1
25 2
25 8
25 9
25 10
25 11
25 15
25 17
25 19
25 21
25 22
25 23
25 24
25 28
25 29
25 30
25 31
25 32
25 35
25 36
25 37
25 39
25 41
25 43
25 44
25 45
25 46
25 47
25 50
25 51
25 53
25 54
25 56
25 57
25 60
25 65
25 66
25 67
25 68
25 70
25 71
25 72
25 73
25 77
25 78
25 79
25 80
25 81
25 82
25 85
25 86
25 87
25 88
25 89
25 91
25 92
25 93
25 94
25 96
25 97
26 1
26 2
26 8
26 9
26 10
26 11
26 15
26 17
26 19
26 21
26 22
26 23
26 24
26 28
26 29
26 30
26 31
26 32
26 35
26 36
26 37
26 39
26 41
26 43
26 44
26 45
26 46
26 47
26 50
26 51
26 53
26 54
26 56
26 57
26 60
26 65
26 66
26 67
26 68
26 70
26 71
26 72
26 73
26 77
26 78
26 79
26 80
26 81
26 82
26 85
26 86
26 87
26 88
26 89
26 91
26 92
26 93
26 94
26 96
26 97
28 1
28 2
28 8
28 9
28 10
28 11
28 15
28 17
28 19
28 21
28 22
28 23
28 24
28 28
28 29
28 30
28 31
28 32
28 35
28 36
28 37
28 39
28 41
28 43
28 44
28 45
28 46
28 47
28 50
28 51
28 53
28 54
28 56
28 57
28 60
28 65
28 66
28 67
28 68
28 70
28 71
28 72
28 73
28 77
28 78
28 79
28 80
28 81
28 82
28 85
28 86
28 87
28 88
28 89
28 91
28 92
28 93
28 94
28 96
28 97
29 1
29 2
29 8
29 9
29 10
29 11
29 15
29 17
29 19
29 21
29 22
29 23
29 24
29 28
29 29
29 30
29 31
29 32
29 35
29 36
29 37
29 39
29 41
29 43
29 44
29 45
29 46
29 47
29 50
29 51
29 53
29 54
29 56
29 57
29 60
29 65
29 66
29 67
29 68
29 70
29 71
29 72
29 73
29 77
29 78
29 79
29 80
29 81
29 82
29 85
29 86
29 87
29 88
29 89
29 91
29 92
29 93
29 94
29 96
29 97
30 1
30 2
30 8
30 9
30 10
30 11
30 15
30 17
30 19
30 21
30 22
30 23
30 24
30 28
30 29
30 30
30 31
30 32
30 35
30 36
30 37
30 39
30 41
30 43
30 44
30 45
30 46
30 47
30 50
30 51
30 53
30 54
30 56
30 57
30 60
30 65
30 66
30 67
30 68
30 70
30 71
30 72
30 73
30 77
30 78
30 79
30 80
30 81
30 82
30 85
30 86
30 87
30 88
30 89
30 91
30 92
30 93
30 94
30 96
30 97
31 1
31 2
31 8
31 9
31 10
31 11
31 15
31 17
31 19
31 21
31 22
31 23
31 24
31 28
31 29
31 30
31 31
31 32
31 35
31 36
31 37
31 39
31 41
31 43
31 44
31 45
31 46
31 47
31 50
31 51
31 53
31 54
31 56
31 57
31 60
31 65
31 66
31 67
31 68
31 70
31 71
31 72
31 73
31 77
31 78
31 79
31 80
31 81
31 82
31 85
31 86
31 87
31 88
31 89
31 91
31 92
31 93
31 94
31 96
31 97
34 1
34 2
34 8
34 9
34 10
34 11
34 15
34 17
34 19
34 21
34 22
34 23
34 24
34 28
34 29
34 30
34 31
34 32
34 35
34 36
34 37
34 39
34 41
34 43
34 44
34 45
34 46
34 47
34 50
34 51
34 53
34 54
34 56
34 57
34 60
34 65
34 66
34 67
34 68
34 70
34 71
34 72
34 73
34 77
34 78
34 79
34 80
34 81
34 82
34 85
34 86
34 87
34 88
34 89
34 91
34 92
34 93
34 94
34 96
34 97
35 1
35 2
35 8
35 9
35 10
35 11
35 15
35 17
35 19
35 21
35 22
35 23
35 24
35 28
35 29
35 30
35 31
35 32
35 35
35 36
35 37
35 39
35 41
35 43
35 44
35 45
35 46
35 47
35 50
35 51
35 53
35 54
35 56
35 57
35 60
35 65
35 66
35 67
35 68
35 70
35 71
35 72
35 73
35 77
35 78
35 79
35 80
35 81
35 82
35 85
35 86
35 87
35 88
35 89
35 91
35 92
35 93
35 94
35 96
35 97
36 1
36 2
36 8
36 9
36 10
36 11
36 15
36 17
36 19
36 21
36 22
36 23
36 24
36 28
36 29
36 30
36 31
36 32
36 35
36 36
36 37
36 39
36 41
36 43
36 44
36 45
36 46
36 47
36 50
36 51
36 53
36 54
36 56
36 57
36 60
36 65
36 66
36 67
36 68
36 70
36 71
36 72
36 73
36 77
36 78
36 79
36 80
36 81
36 82
36 85
36 86
36 87
36 88
36 89
36 91
36 92
36 93
36 94
36 96
36 97
38 1
38 2
38 8
38 9
38 10
38 11
38 15
38 17
38 19
38 21
38 22
38 23
38 24
38 28
38 29
38 30
38 31
38 32
38 35
38 36
38 37
38 39
38 41
38 43
38 44
38 45
38 46
38 47
38 50
38 51
38 53
38 54
38 56
38 57
38 60
38 65
38 66
38 67
38 68
38 70
38 71
38 72
38 73
38 77
38 78
38 79
38 80
38 81
38 82
38 85
38 86
38 87
38 88
38 89
38 91
38 92
38 93
38 94
38 96
38 97
39 1
39 2
39 8
39 9
39 10
39 11
39 15
39 17
39 19
39 21
39 22
39 23
39 24
39 28
39 29
39 30
39 31
39 32
39 35
39 36
39 37
39 39
39 41
39 43
39 44
39 45
39 46
39 47
39 50
39 51
39 53
39 54
39 56
39 57
39 60
39 65
39 66
39 67
39 68
39 70
39 71
39 72
39 73
39 77
39 78
39 79
39 80
39 81
39 82
39 85
39 86
39 87
39 88
39 89
39 91
39 92
39 93
39 94
39 96
39 97
42 1
42 2
42 8
42 9
42 10
42 11
42 15
42 17
42 19
42 21
42 22
42 23
42 24
42 28
42 29
42 30
42 31
42 32
42 35
42 36
42 37
42 39
42 41
42 43
42 44
42 45
42 46
42 47
42 50
42 51
42 53
42 54
42 56
42 57
42 60
42 65
42 66
42 67
42 68
42 70
42 71
42 72
42 73
42 77
42 78
42 79
42 80
42 81
42 82
42 85
42 86
42 87
42 88
42 89
42 91
42 92
42 93
42 94
42 96
42 97
44 1
44 2
44 8
44 9
44 10
44 11
44 15
44 17
44 19
44 21
44 22
44 23
44 24
44 28
44 29
44 30
44 31
44 32
44 35
44 36
44 37
44 39
44 41
44 43
44 44
44 45
44 46
44 47
44 50
44 51
44 53
44 54
44 56
44 57
44 60
44 65
44 66
44 67
44 68
44 70
44 71
44 72
44 73
44 77
44 78
44 79
44 80
44 81
44 82
44 85
44 86
44 87
44 88
44 89
44 91
44 92
44 93
44 94
44 96
44 97
46 1
46 2
46 8
46 9
46 10
46 11
46 15
46 17
46 19
46 21
46 22
46 23
46 24
46 28
46 29
46 30
46 31
46 32
46 35
46 36
46 37
46 39
46 41
46 43
46 44
46 45
46 46
46 47
46 50
46 51
46 53
46 54
46 56
46 57
46 60
46 65
46 66
46 67
46 68
46 70
46 71
46 72
46 73
46 77
46 78
46 79
46 80
46 81
46 82
46 85
46 86
46 87
46 88
46 89
46 91
46 92
46 93
46 94
46 96
46 97
48 1
48 2
48 8
48 9
48 10
48 11
48 15
48 17
48 19
48 21
48 22
48 23
48 24
48 28
48 29
48 30
48 31
48 32
48 35
48 36
48 37
48 39
48 41
48 43
48 44
48 45
48 46
48 47
48 50
48 51
48 53
48 54
48 56
48 57
48 60
48 65
48 66
48 67
48 68
48 70
48 71
48 72
48 73
48 77
48 78
48 79
48 80
48 81
48 82
48 85
48 86
48 87
48 88
48 89
48 91
48 92
48 93
48 94
48 96
48 97
49 1
49 2
49 8
49 9
49 10
49 11
49 15
49 17
49 19
49 21
49 22
49 23
49 24
49 28
49 29
49 30
49 31
49 32
49 35
49 36
49 37
49 39
49 41
49 43
49 44
49 45
49 46
49 47
49 50
49 51
49 53
49 54
49 56
49 57
49 60
49 65
49 66
49 67
49 68
49 70
49 71
49 72
49 73
49 77
49 78
49 79
49 80
49 81
49 82
49 85
49 86
49 87
49 88
49 89
49 91
49 92
49 93
49 94
49 96
49 97
50 1
50 2
50 8
50 9
50 10
50 11
50 15
50 17
50 19
50 21
50 22
50 23
50 24
50 28
50 29
50 30
50 31
50 32
50 35
50 36
50 37
50 39
50 41
50 43
50 44
50 45
50 46
50 47
50 50
50 51
50 53
50 54
50 56
50 57
50 60
50 65
50 66
50 67
50 68
50 70
50 71
50 72
50 73
50 77
50 78
50 79
50 80
50 81
50 82
50 85
50 86
50 87
50 88
50 89
50 91
50 92
50 93
50 94
50 96
50 97
51 1
51 2
51 8
51 9
51 10
51 11
51 15
51 17
51 19
51 21
51 22
51 23
51 24
51 28
51 29
51 30
51 31
51 32
51 35
51 36
51 37
51 39
51 41
51 43
51 44
51 45
51 46
51 47
51 50
51 51
51 53
51 54
51 56
51 57
51 60
51 65
51 66
51 67
51 68
51 70
51 71
51 72
51 73
51 77
51 78
51 79
51 80
51 81
51 82
51 85
51 86
51 87
51 88
51 89
51 91
51 92
51 93
51 94
51 96
51 97
52 1
52 2
52 8
52 9
52 10
52 11
52 15
52 17
52 19
52 21
52 22
52 23
52 24
52 28
52 29
52 30
52 31
52 32
52 35
52 36
52 37
52 39
52 41
52 43
52 44
52 45
52 46
52 47
52 50
52 51
52 53
52 54
52 56
52 57
52 60
52 65
52 66
52 67
52 68
52 70
52 71
52 72
52 73
52 77
52 78
52 79
52 80
52 81
52 82
52 85
52 86
52 87
52 88
52 89
52 91
52 92
52 93
52 94
52 96
52 97
53 1
53 2
53 8
53 9
53 10
53 11
53 15
53 17
53 19
53 21
53 22
53 23
53 24
53 28
53 29
53 30
53 31
53 32
53 35
53 36
53 37
53 39
53 41
53 43
53 44
53 45
53 46
53 47
53 50
53 51
53 53
53 54
53 56
53 57
53 60
53 65
53 66
53 67
53 68
53 70
53 71
53 72
53 73
53 77
53 78
53 79
53 80
53 81
53 82
53 85
53 86
53 87
53 88
53 89
53 91
53 92
53 93
53 94
53 96
53 97
58 1
58 2
58 8
58 9
58 10
58 11
58 15
58 17
58 19
58 21
58 22
58 23
58 24
58 28
58 29
58 30
58 31
58 32
58 35
58 36
58 37
58 39
58 41
58 43
58 44
58 45
58 46
58 47
58 50
58 51
58 53
58 54
58 56
58 57
58 60
58 65
58 66
58 67
58 68
58 70
58 71
58 72
58 73
58 77
58 78
58 79
58 80
58 81
58 82
58 85
58 86
58 87
58 88
58 89
58 91
58 92
58 93
58 94
58 96
58 97
59 1
59 2
59 8
59 9
59 10
59 11
59 15
59 17
59 19
59 21
59 22
59 23
59 24
59 28
59 29
59 30
59 31
59 32
59 35
59 36
59 37
59 39
59 41
59 43
59 44
59 45
59 46
59 47
59 50
59 51
59 53
59 54
59 56
59 57
59 60
59 65
59 66
59 67
59 68
59 70
59 71
59 72
59 73
59 77
59 78
59 79
59 80
59 81
59 82
59 85
59 86
59 87
59 88
59 89
59 91
59 92
59 93
59 94
59 96
59 97
60 1
60 2
60 8
60 9
60 10
60 11
60 15
60 17
60 19
60 21
60 22
60 23
60 24
60 28
60 29
60 30
60 31
60 32
60 35
60 36
60 37
60 39
60 41
60 43
60 44
60 45
60 46
60 47
60 50
60 51
60 53
60 54
60 56
60 57
60 60
60 65
60 66
60 67
60 68
60 70
60 71
60 72
60 73
60 77
60 78
60 79
60 80
60 81
60 82
60 85
60 86
60 87
60 88
60 89
60 91
60 92
60 93
60 94
60 96
60 97
62 1
62 2
62 8
62 9
62 10
62 11
62 15
62 17
62 19
62 21
62 22
62 23
62 24
62 28
62 29
62 30
62 31
62 32
62 35
62 36
62 37
62 39
62 41
62 43
62 44
62 45
62 46
62 47
62 50
62 51
62 53
62 54
62 56
62 57
62 60
62 65
62 66
62 67
62 68
62 70
62 71
62 72
62 73
62 77
62 78
62 79
62 80
62 81
62 82
62 85
62 86
62 87
62 88
62 89
62 91
62 92
62 93
62 94
62 96
62 97
67 1
67 2
67 8
67 9
67 10
67 11
67 15
67 17
67 19
67 21
67 22
67 23
67 24
67 28
67 29
67 30
67 31
67 32
67 35
67 36
67 37
67 39
67 41
67 43
67 44
67 45
67 46
67 47
67 50
67 51
67 53
67 54
67 56
67 57
67 60
67 65
67 66
67 67
67 68
67 70
67 71
67 72
67 73
67 77
67 78
67 79
67 80
67 81
67 82
67 85
67 86
67 87
67 88
67 89
67 91
67 92
67 93
67 94
67 96
67 97
68 1
68 2
68 8
68 9
68 10
68 11
68 15
68 17
68 19
68 21
68 22
68 23
68 24
68 28
68 29
68 30
68 31
68 32
68 35
68 36
68 37
68 39
68 41
68 43
68 44
68 45
68 46
68 47
68 50
68 51
68 53
68 54
68 56
68 57
68 60
68 65
68 66
68 67
68 68
68 70
68 71
68 72
68 73
68 77
68 78
68 79
68 80
68 81
68 82
68 85
68 86
68 87
68 88
68 89
68 91
68 92
68 93
68 94
68 96
68 97
72 1
72 2
72 8
72 9
72 10
72 11
72 15
72 17
72 19
72 21
72 22
72 23
72 24
72 28
72 29
72 30
72 31
72 32
72 35
72 36
72 37
72 39
72 41
72 43
72 44
72 45
72 46
72 47
72 50
72 51
72 53
72 54
72 56
72 57
72 60
72 65
72 66
72 67
72 68
72 70
72 71
72 72
72 73
72 77
72 78
72 79
72 80
72 81
72 82
72 85
72 86
72 87
72 88
72 89
72 91
72 92
72 93
72 94
72 96
72 97
73 1
73 2
73 8
73 9
73 10
73 11
73 15
73 17
73 19
73 21
73 22
73 23
73 24
73 28
73 29
73 30
73 31
73 32
73 35
73 36
73 37
73 39
73 41
73 43
73 44
73 45
73 46
73 47
73 50
73 51
73 53
73 54
73 56
73 57
73 60
73 65
73 66
73 67
73 68
73 70
73 71
73 72
73 73
73 77
73 78
73 79
73 80
73 81
73 82
73 85
73 86
73 87
73 88
73 89
73 91
73 92
73 93
73 94
73 96
73 97
75 1
75 2
75 8
75 9
75 10
75 11
75 15
75 17
75 19
75 21
75 22
75 23
75 24
75 28
75 29
75 30
75 31
75 32
75 35
75 36
75 37
75 39
75 41
75 43
75 44
75 45
75 46
75 47
75 50
75 51
75 53
75 54
75 56
75 57
75 60
75 65
75 66
75 67
75 68
75 70
75 71
75 72
75 73
75 77
75 78
75 79
75 80
75 81
75 82
75 85
75 86
75 87
75 88
75 89
75 91
75 92
75 93
75 94
75 96
75 97
76 1
76 2
76 8
76 9
76 10
76 11
76 15
76 17
76 19
76 21
76 22
76 23
76 24
76 28
76 29
76 30
76 31
76 32
76 35
76 36
76 37
76 39
76 41
76 43
76 44
76 45
76 46
76 47
76 50
76 51
76 53
76 54
76 56
76 57
76 60
76 65
76 66
76 67
76 68
76 70
76 71
76 72
76 73
76 77
76 78
76 79
76 80
76 81
76 82
76 85
76 86
76 87
76 88
76 89
76 91
76 92
76 93
76 94
76 96
76 97
77 1
77 2
77 8
77 9
77 10
77 11
77 15
77 17
77 19
77 21
77 22
77 23
77 24
77 28
77 29
77 30
77 31
77 32
77 35
77 36
77 37
77 39
77 41
77 43
77 44
77 45
77 46
77 47
77 50
77 51
77 53
77 54
77 56
77 57
77 60
77 65
77 66
77 67
77 68
77 70
77 71
77 72
77 73
77 77
77 78
77 79
77 80
77 81
77 82
77 85
77 86
77 87
77 88
77 89
77 91
77 92
77 93
77 94
77 96
77 97
79 1
79 2
79 8
79 9
79 10
79 11
79 15
79 17
79 19
79 21
79 22
79 23
79 24
79 28
79 29
79 30
79 31
79 32
79 35
79 36
79 37
79 39
79 41
79 43
79 44
79 45
79 46
79 47
79 50
79 51
79 53
79 54
79 56
79 57
79 60
79 65
79 66
79 67
79 68
79 70
79 71
79 72
79 73
79 77
79 78
79 79
79 80
79 81
79 82
79 85
79 86
79 87
79 88
79 89
79 91
79 92
79 93
79 94
79 96
79 97
80 1
80 2
80 8
80 9
80 10
80 11
80 15
80 17
80 19
80 21
80 22
80 23
80 24
80 28
80 29
80 30
80 31
80 32
80 35
80 36
80 37
80 39
80 41
80 43
80 44
80 45
80 46
80 47
80 50
80 51
80 53
80 54
80 56
80 57
80 60
80 65
80 66
80 67
80 68
80 70
80 71
80 72
80 73
80 77
80 78
80 79
80 80
80 81
80 82
80 85
80 86
80 87
80 88
80 89
80 91
80 92
80 93
80 94
80 96
80 97
83 1
83 2
83 8
83 9
83 10
83 11
83 15
83 17
83 19
83 21
83 22
83 23
83 24
83 28
83 29
83 30
83 31
83 32
83 35
83 36
83 37
83 39
83 41
83 43
83 44
83 45
83 46
83 47
83 50
83 51
83 53
83 54
83 56
83 57
83 60
83 65
83 66
83 67
83 68
83 70
83 71
83 72
83 73
83 77
83 78
83 79
83 80
83 81
83 82
83 85
83 86
83 87
83 88
83 89
83 91
83 92
83 93
83 94
83 96
83 97
85 1
85 2
85 8
85 9
85 10
85 11
85 15
85 17
85 19
85 21
85 22
85 23
85 24
85 28
85 29
85 30
85 31
85 32
85 35
85 36
85 37
85 39
85 41
85 43
85 44
85 45
85 46
85 47
85 50
85 51
85 53
85 54
85 56
85 57
85 60
85 65
85 66
85 67
85 68
85 70
85 71
85 72
85 73
85 77
85 78
85 79
85 80
85 81
85 82
85 85
85 86
85 87
85 88
85 89
85 91
85 92
85 93
85 94
85 96
85 97
87 1
87 2
87 8
87 9
87 10
87 11
87 15
87 17
87 19
87 21
87 22
87 23
87 24
87 28
87 29
87 30
87 31
87 32
87 35
87 36
87 37
87 39
87 41
87 43
87 44
87 45
87 46
87 47
87 50
87 51
87 53
87 54
87 56
87 57
87 60
87 65
87 66
87 67
87 68
87 70
87 71
87 72
87 73
87 77
87 78
87 79
87 80
87 81
87 82
87 85
87 86
87 87
87 88
87 89
87 91
87 92
87 93
87 94
87 96
87 97
88 1
88 2
88 8
88 9
88 10
88 11
88 15
88 17
88 19
88 21
88 22
88 23
88 24
88 28
88 29
88 30
88 31
88 32
88 35
88 36
88 37
88 39
88 41
88 43
88 44
88 45
88 46
88 47
88 50
88 51
88 53
88 54
88 56
88 57
88 60
88 65
88 66
88 67
88 68
88 70
88 71
88 72
88 73
88 77
88 78
88 79
88 80
88 81
88 82
88 85
88 86
88 87
88 88
88 89
88 91
88 92
88 93
88 94
88 96
88 97
90 1
90 2
90 8
90 9
90 10
90 11
90 15
90 17
90 19
90 21
90 22
90 23
90 24
90 28
90 29
90 30
90 31
90 32
90 35
90 36
90 37
90 39
90 41
90 43
90 44
90 45
90 46
90 47
90 50
90 51
90 53
90 54
90 56
90 57
90 60
90 65
90 66
90 67
90 68
90 70
90 71
90 72
90 73
90 77
90 78
90 79
90 80
90 81
90 82
90 85
90 86
90 87
90 88
90 89
90 91
90 92
90 93
90 94
90 96
90 97
91 1
91 2
91 8
91 9
91 10
91 11
91 15
91 17
91 19
91 21
91 22
91 23
91 24
91 28
91 29
91 30
91 31
91 32
91 35
91 36
91 37
91 39
91 41
91 43
91 44
91 45
91 46
91 47
91 50
91 51
91 53
91 54
91 56
91 57
91 60
91 65
91 66
91 67
91 68
91 70
91 71
91 72
91 73
91 77
91 78
91 79
91 80
91 81
91 82
91 85
91 86
91 87
91 88
91 89
91 91
91 92
91 93
91 94
91 96
91 97
93 1
93 2
93 8
93 9
93 10
93 11
93 15
93 17
93 19
93 21
93 22
93 23
93 24
93 28
93 29
93 30
93 31
93 32
93 35
93 36
93 37
93 39
93 41
93 43
93 44
93 45
93 46
93 47
93 50
93 51
93 53
93 54
93 56
93 57
93 60
93 65
93 66
93 67
93 68
93 70
93 71
93 72
93 73
93 77
93 78
93 79
93 80
93 81
93 82
93 85
93 86
93 87
93 88
93 89
93 91
93 92
93 93
93 94
93 96
93 97
96 1
96 2
96 8
96 9
96 10
96 11
96 15
96 17
96 19
96 21
96 22
96 23
96 24
96 28
96 29
96 30
96 31
96 32
96 35
96 36
96 37
96 39
96 41
96 43
96 44
96 45
96 46
96 47
96 50
96 51
96 53
96 54
96 56
96 57
96 60
96 65
96 66
96 67
96 68
96 70
96 71
96 72
96 73
96 77
96 78
96 79
96 80
96 81
96 82
96 85
96 86
96 87
96 88
96 89
96 91
96 92
96 93
96 94
96 96
96 97
98 1
98 2
98 8
98 9
98 10
98 11
98 15
98 17
98 19
98 21
98 22
98 23
98 24
98 28
98 29
98 30
98 31
98 32
98 35
98 36
98 37
98 39
98 41
98 43
98 44
98 45
98 46
98 47
98 50
98 51
98 53
98 54
98 56
98 57
98 60
98 65
98 66
98 67
98 68
98 70
98 71
98 72
98 73
98 77
98 78
98 79
98 80
98 81
98 82
98 85
98 86
98 87
98 88
98 89
98 91
98 92
98 93
98 94
98 96
98 97
99 1
99 2
99 8
99 9
99 10
99 11
99 15
99 17
99 19
99 21
99 22
99 23
99 24
99 28
99 29
99 30
99 31
99 32
99 35
99 36
99 37
99 39
99 41
99 43
99 44
99 45
99 46
99 47
99 50
99 51
99 53
99 54
99 56
99 57
99 60
99 65
99 66
99 67
99 68
99 70
99 71
99 72
99 73
99 77
99 78
99 79
99 80
99 81
99 82
99 85
99 86
99 87
99 88
99 89
99 91
99 92
99 93
99 94
99 96
99 97
95 37
93 84
80 16
40 68
35 38
52 76
69 16
76 14
91 25
8 84
84 37
23 6
86 8
44 83
31 7
43 23
81 1
80 55
54 81
6 59
17 18
42 55
21 95
84 11
40 57
5 99
94 28
0 99
71 71
11 18
41 64
82 81
92 79
63 71
76 84
88 25
63 70
31 84
82 36
62 4
40 16
86 18
69 98
44 76
33 70
71 40
39 34
72 98
61 35
19 74
89 50
87 18
91 99
20 5
17 0
41 39
79 52
66 8
5 33
86 61
28 75
17 48
6 69
30 58
11 99
91 34
70 99
73 0
36 95
61 62
0 83
58 0
1 26
92 47
4 70
3 48
67 5
70 42
23 52
4 75
84 87
10 89
24 3
26 25
25 76
19 59
80 25
94 65
55 50
1 5
1 95
64 49
69 20
89 45
12 95
37 52
83 58
27 30
56 98
97 71
45 48
29 99
13 66
26 90
45 31
78 44
91 49
66 67
17 27
64 74
49 40
77 63
97 79
19 12
19 18
4 12
67 99
8 62
77 33
27 5
2 60
9 7
56 7
60 63
95 65
80 95
32 24
57 69
71 7
65 38
57 14
11 25
37 19
80 13
31 12
47 61
65 15
31 64
4 78
86 47
4 73
74 24
97 19
66 61
2 42
35 14
78 40
48 14
92 35
1 79
95 20
65 71
70 67
84 66
70 23
94 12
59 52
96 7
52 52
28 58
8 76
32 52
92 80
50 61
88 40
82 83
63 40
25 38
22 42
23 74
23 25
64 22
89 10
83 74
39 49
10 40
33 81
49 33
81 43
55 77
62 0
85 38
33 38
51 63
41 65
96 90
24 63
71 13
15 99
63 54
37 82
7 40
71 68
53 33
92 31
95 97
63 0
50 42
44 99
95 12
13 69
16 41
23 69
10 42
85 62
22 59
71 75
62 95
95 99
24 58
0 78
17 7
90 62
56 48
66 6
69 0
47 62
10 11
45 93
17 5
29 64
64 93
32 9
86 92
23 12
25 27
82 67
63 63
68 84
54 24
97 39
40 2
89 34
1 71
1 54
79 61
5 26
57 31
86 84
51 27
8 55
74 47
16 55
82 95
32 74
34 25
40 66
62 98
9 59
49 5
37 44
86 31
9 22
4 51
25 12
25 95
87 99
56 60
70 33
28 0
2 90
28 69
63 66
73 42
1 99
57 13
95 69
92 86
41 61
53 99
5 20
33 52
45 6
87 74
59 62
22 58
65 66
93 61
33 46
95 73
32 90
74 73
61 3
68 83
20 62
40 60
64 15
25 26
67 49
48 69
54 18
75 95
16 14
41 52
13 31
74 48
69 52
68 55
38 5
31 90
0 73
73 58
53 18
11 98
69 41
37 81
89 70
54 79
4 92
41 16
66 69
67 64
95 45
81 86
90 52
27 39
18 3
1 84
32 10
74 9
66 25
33 92
45 60
70 71
34 26
74 18
27 94
65 74
69 58
4 19
4 94
54 33
2 89
47 18
1 8
99 55
27 22
6 5
79 5
32 61
32 58
12 55
2 98
51 64
34 61
35 75
65 51
57 92
13 29
1 29
20 27
27 62
11 5
91 59
58 16
41 37
9 37
72 62
38 7
70 43
4 25
27 60
84 39
41 20
33 99
97 7
89 5
37 11
76 42
42 49
16 15
27 57
61 93
32 51
97 85
4 81
56 65
63 11
92 43
22 18
95 1
45 67
89 92
65 69
66 84
96 84
63 23
9 45
80 34
61 4
56 71
77 12
10 82
63 69
10 44
53 76
10 93
69 59
74 35
30 34
1 21
63 42
66 12
32 34
94 37
57 73
54 14
2 38
71 57
2 96
30 63
28 20
54 8
27 80
56 58
34 42
1 83
87 13
32 6
3 90
53 0
20 75
7 26
86 67
84 89
99 27
55 36
27 48
10 19
16 99
65 22
29 62
0 84
87 14
74 72
84 42
78 1
66 20
9 33
92 2
61 92
56 1
49 14
55 45
24 13
35 62
92 83
99 4
69 21
55 56
45 69
82 47
92 38
63 35
2 25
55 13
12 63
92 57
95 22
66 96
36 83
2 9
14 62
26 61
63 41
40 90
56 84
61 48
86 37
28 7
74 7
84 44
27 33
69 60
48 0
27 31
29 49
47 86
69 5
2 36
91 48
95 96
66 94
49 90
81 53
84 88
81 47
8 52
88 74
56 16
4 57
47 51
56 39
86 54
84 67
3 27
30 40
65 64
61 13
48 76
87 34
83 48
40 49
4 0
38 62
31 34
53 7
47 44
55 55
81 74
9 88
47 63
9 85
57 80
70 47
37 65
61 5
61 73
69 10
54 15
86 89
62 27
75 6
75 3
34 6
30 16
92 50
87 27
20 0
4 41
86 77
13 75
32 23
40 50
4 55
24 59
34 7
66 51
50 27
96 40
27 88
22 20
93 14
54 83
56 9
66 97
97 17
21 7
52 74
43 28
43 73
51 98
55 29
41 67
97 87
43 34
74 85
86 44
40 95
89 26
62 59
15 49
13 47
92 77
58 63
27 54
20 95
97 6
28 90
61 43
28 99
47 27
92 55
86 83
89 78
87 0
91 52
87 4
84 62
73 74
24 33
13 25
61 40
86 81
18 90
60 33
55 16
78 73
85 55
82 21
88 75
82 26
63 84
45 32
63 26
89 22
37 74
15 7
81 21
33 37
68 7
37 91
67 69
61 77
53 62
84 13
29 13
77 20
41 26
29 27
68 48
94 52
10 21
80 98
24 95
69 88
28 3
57 0
56 6
47 53
25 62
48 6
9 15
94 40
83 38
44 61
78 64
45 46
47 93
74 31
77 59
83 62
45 33
94 23
82 43
99 38
27 59
72 83
32 63
51 76
17 20
92 68
97 57
61 42
17 13
61 22
75 16
55 96
97 97
63 59
92 28
47 88
32 37
57 66
81 91
46 5
27 76
92 67
31 33
74 44
27 36
67 34
39 61
64 60
2 33
82 63
99 75
10 72
16 44
47 29
64 88
63 17
76 25
21 27
33 53
13 38
63 68
11 52
71 51
54 85
30 64
64 19
45 51
87 90
1 2
18 13
54 89
16 84
0 39
0 17
40 34
56 3
77 26
86 75
65 99
16 46
94 36
97 30
90 49
37 53
41 21
17 58
8 69
57 34
17 12
83 0
78 94
43 32
57 41
82 77
4 1
19 38
54 44
37 17
21 48
27 84
6 74
67 4
66 76
78 3
16 47
53 40
41 13
56 81
44 42
37 43
1 56
54 56
4 69
70 25
23 84
62 74
86 87
50 55
41 4
26 13
76 99
74 81
54 12
93 52
40 82
56 8
49 84
63 10
68 3
51 58
73 62
16 64
71 90
94 22
84 98
12 20
15 12
89 11
66 45
60 25
10 86
41 80
22 74
28 33
10 15
26 26
79 48
10 88
96 27
37 73
2 10
2 13
14 55
86 0
87 69
41 56
14 84
68 14
37 77
64 69
64 47
24 42
62 12
85 7
98 42
95 57
78 6
73 40
4 34
82 54
55 86
25 25
75 14
38 84
27 83
35 3
53 3
13 83
61 17
63 7
55 7
43 89
68 95
13 13
87 83
51 20
54 40
70 59
16 53
55 10
49 6
7 16
29 26
52 48
92 39
55 30
24 27
69 61
45 64
85 69
40 79
81 66
82 93
55 19
99 98
31 98
78 45
50 20
70 1
38 12
69 64
70 35
0 3
85 3
53 38
53 95
9 11
81 13
82 57
3 13
53 26
94 99
13 33
93 38
42 18
30 59
50 34
39 7
41 70
97 96
84 45
94 8
57 81
94 30
27 70
54 4
89 3
32 17
41 46
96 49
36 33
21 62
7 49
55 47
15 69
0 92
70 24
92 85
45 70
94 27
14 16
27 49
80 61
46 98
1 81
41 82
37 46
0 87
1 43
70 73
89 49
27 24
0 72
57 30
64 61
56 73
5 38
61 50
9 95
12 99
73 38
58 99
73 84
47 78
98 58
89 88
23 3
17 83
27 14
40 52
10 99
32 28
34 49
49 26
27 52
2 71
59 0
5 0
75 55
29 4
14 25
60 49
73 25
18 7
84 81
17 26
75 13
76 33
66 32
83 7
79 59
86 91
19 98
51 4
69 92
40 87
95 59
9 50
92 9
78 84
81 51
82 86
17 61
43 2
38 26
25 14
97 25
37 2
86 73
93 99
56 36
91 84
92 34
64 77
16 49
55 4
69 81
54 2
38 55
31 58
42 13
70 96
65 60
1 91
82 78
49 3
40 44
61 97
0 21
65 20
10 47
11 20
33 10
41 42
77 74
29 95
43 27
71 82
15 33
74 64
9 61
31 61
43 93
4 15
8 98
44 25
0 14
65 77
12 34
94 80
16 36
73 69
76 5
67 58
26 16
48 83
93 13
60 98
2 81
94 14
61 44
89 36
72 76
13 63
2 26
92 12
82 14
64 36
89 44
16 1
38 95
39 55
60 20
69 3
