1000 100 100 20 20
5 0
5 4
5 6
5 10
5 20
5 22
5 29
5 39
5 43
5 47
5 48
5 50
5 53
5 58
5 62
5 68
5 70
5 84
5 85
5 96
7 0
7 4
7 6
7 10
7 20
7 22
7 29
7 39
7 43
7 47
7 48
7 50
7 53
7 58
7 62
7 68
7 70
7 84
7 85
7 96
9 0
9 4
9 6
9 10
9 20
9 22
9 29
9 39
9 43
9 47
9 48
9 50
9 53
9 58
9 62
9 68
9 70
9 84
9 85
9 96
11 0
11 4
11 6
11 10
11 20
11 22
11 29
11 39
11 43
11 47
11 48
11 50
11 53
11 58
11 62
11 68
11 70
11 84
11 85
11 96
14 0
14 4
14 6
14 10
14 20
14 22
14 29
14 39
14 43
14 47
14 48
14 50
14 53
14 58
14 62
14 68
14 70
14 84
14 85
14 96
20 0
20 4
20 6
20 10
20 20
20 22
20 29
20 39
20 43
20 47
20 48
20 50
20 53
20 58
20 62
20 68
20 70
20 84
20 85
20 96
22 0
22 4
22 6
22 10
22 20
22 22
22 29
22 39
22 43
22 47
22 48
22 50
22 53
22 58
22 62
22 68
22 70
22 84
22 85
22 96
37 0
37 4
37 6
37 10
37 20
37 22
37 29
37 39
37 43
37 47
37 48
37 50
37 53
37 58
37 62
37 68
37 70
37 84
37 85
37 96
38 0
38 4
38 6
38 10
38 20
38 22
38 29
38 39
38 43
38 47
38 48
38 50
38 53
38 58
38 62
38 68
38 70
38 84
38 85
38 96
40 0
40 4
40 6
40 10
40 20
40 22
40 29
40 39
40 43
40 47
40 48
40 50
40 53
40 58
40 62
40 68
40 70
40 84
40 85
40 96
42 0
42 4
42 6
42 10
42 20
42 22
42 29
42 39
42 43
42 47
42 48
42 50
42 53
42 58
42 62
42 68
42 70
42 84
42 85
42 96
54 0
54 4
54 6
54 10
54 20
54 22
54 29
54 39
54 43
54 47
54 48
54 50
54 53
54 58
54 62
54 68
54 70
54 84
54 85
54 96
65 0
65 4
65 6
65 10
65 20
65 22
65 29
65 39
65 43
65 47
65 48
65 50
65 53
65 58
65 62
65 68
65 70
65 84
65 85
65 96
76 0
76 4
76 6
76 10
76 20
76 22
76 29
76 39
76 43
76 47
76 48
76 50
76 53
76 58
76 62
76 68
76 70
76 84
76 85
76 96
83 0
83 4
83 6
83 10
83 20
83 22
83 29
83 39
83 43
83 47
83 48
83 50
83 53
83 58
83 62
83 68
83 70
83 84
83 85
83 96
89 0
89 4
89 6
89 10
89 20
89 22
89 29
89 39
89 43
89 47
89 48
89 50
89 53
89 58
89 62
89 68
89 70
89 84
89 85
89 96
92 0
92 4
92 6
92 10
92 20
92 22
92 29
92 39
92 43
92 47
92 48
92 50
92 53
92 58
92 62
92 68
92 70
92 84
92 85
92 96
93 0
93 4
93 6
93 10
93 20
93 22
93 29
93 39
93 43
93 47
93 48
93 50
93 53
93 58
93 62
93 68
93 70
93 84
93 85
93 96
94 0
94 4
94 6
94 10
94 20
94 22
94 29
94 39
94 43
94 47
94 48
94 50
94 53
94 58
94 62
94 68
94 70
94 84
94 85
94 96
97 0
97 4
97 6
97 10
97 20
97 22
97 29
97 39
97 43
97 47
97 48
97 50
97 53
97 58
97 62
97 68
97 70
97 84
97 85
97 96
87 63
75 63
0 20
56 85
59 34
87 26
29 88
73 86
51 70
18 92
69 15
68 19
8 20
46 33
89 71
17 39
67 61
31 11
97 61
95 82
81 7
54 26
87 18
22 49
96 90
69 4
15 6
50 73
47 39
8 61
79 59
33 7
41 51
68 46
52 24
10 16
28 30
2 12
0 49
43 6
18 48
95 2
26 39
33 62
85 86
8 92
35 27
17 79
97 28
36 90
33 26
40 59
8 95
10 65
73 31
6 73
38 21
97 13
45 54
56 74
63 57
35 19
24 93
32 56
17 22
26 60
22 75
66 4
44 81
97 9
57 44
39 57
10 5
98 71
4 18
61 59
24 17
6 75
37 24
29 69
86 76
98 30
42 13
86 44
42 9
58 53
35 81
35 6
53 9
89 90
73 68
71 63
91 0
49 7
52 14
6 30
64 5
57 14
3 0
66 38
15 30
69 52
6 70
91 28
51 38
14 57
69 56
86 72
6 86
45 19
21 72
76 30
66 35
30 3
28 91
94 57
6 54
6 99
5 79
2 27
29 86
3 26
40 97
85 43
27 63
82 45
17 97
3 83
46 5
56 19
55 59
64 23
28 36
81 37
19 40
74 59
72 78
90 67
72 66
76 82
51 36
2 47
74 35
3 94
74 24
33 69
27 60
72 70
38 17
13 3
64 6
40 32
68 18
62 57
5 21
8 82
13 75
74 21
28 8
28 23
55 62
20 75
25 54
15 34
86 99
72 17
39 16
8 86
63 99
8 3
64 41
5 86
22 71
15 59
88 0
23 73
83 72
6 90
2 15
12 8
81 4
63 91
46 80
27 95
73 70
98 69
81 82
30 23
43 90
94 37
1 76
84 39
89 88
68 73
58 78
48 94
24 14
71 2
19 39
90 96
12 13
74 49
79 50
11 59
74 77
62 66
84 2
69 26
95 39
65 83
55 55
19 72
9 81
72 13
53 81
64 18
80 5
19 63
26 36
9 87
30 49
43 86
16 51
72 54
39 67
68 7
69 81
32 81
30 28
79 23
68 23
6 48
81 28
5 87
50 65
2 44
40 69
82 50
30 88
9 12
35 12
78 64
2 35
93 37
61 79
10 62
23 77
22 23
17 75
67 46
98 87
68 14
33 84
19 24
38 80
31 59
21 31
45 35
51 31
14 46
76 9
70 7
74 45
65 38
36 29
45 6
59 6
67 87
24 35
42 12
29 8
63 38
27 13
63 27
30 8
27 56
69 11
35 79
74 11
44 86
35 42
79 34
84 82
47 33
38 79
10 56
89 13
5 54
39 47
87 19
28 38
79 14
48 12
83 44
35 54
29 54
69 86
18 95
10 57
34 55
94 59
89 25
8 38
21 78
98 58
34 56
83 8
69 42
85 44
28 9
65 42
88 39
28 15
43 53
79 69
5 94
10 26
61 23
12 58
75 1
31 17
37 98
56 87
29 16
69 9
34 20
18 91
83 16
91 96
98 33
66 68
25 39
78 91
5 24
96 35
34 2
73 52
27 1
35 94
72 30
50 55
74 75
91 38
6 34
79 82
79 83
56 91
96 40
11 61
3 44
40 64
75 15
99 66
91 44
7 97
49 96
33 39
80 88
18 31
11 34
86 48
64 74
51 51
37 13
64 80
43 21
60 13
26 95
85 40
24 22
78 50
41 50
93 21
52 67
33 97
2 63
29 37
76 42
74 4
8 11
67 99
34 75
6 66
19 79
94 27
90 75
32 8
9 44
55 58
38 46
53 99
50 68
74 52
68 81
11 15
10 22
84 30
25 58
0 25
51 45
9 5
22 18
67 68
17 60
2 50
32 28
47 67
79 95
32 34
19 16
11 35
43 31
55 88
2 87
62 71
32 16
37 25
70 74
89 52
72 48
93 5
15 10
92 51
4 98
85 77
35 67
73 80
92 69
72 19
69 45
11 88
97 99
21 49
0 63
88 54
68 98
54 25
32 55
18 27
30 37
1 50
54 13
84 47
97 26
64 57
90 47
20 49
52 73
19 96
14 42
95 97
37 35
23 84
46 23
2 75
98 90
40 94
58 74
79 5
56 84
61 70
96 30
49 91
81 53
10 3
2 76
85 68
72 2
56 52
93 32
86 9
0 29
62 72
94 8
37 3
28 11
79 77
83 31
7 34
56 99
89 60
13 37
64 83
69 16
80 54
60 8
6 49
79 96
98 63
29 73
20 19
84 41
33 34
55 4
71 99
34 93
84 19
47 92
25 4
17 64
36 97
90 76
68 78
31 22
45 92
95 3
18 38
85 29
21 51
89 63
37 59
66 96
52 49
22 24
17 82
24 7
59 37
91 24
96 42
12 51
91 95
64 95
83 18
27 45
77 97
94 51
46 40
57 10
83 79
2 81
91 57
17 23
49 62
22 56
94 25
34 65
19 55
42 16
90 31
23 29
56 92
32 72
38 94
79 88
32 17
92 17
87 0
36 52
16 27
60 45
55 61
71 60
46 3
88 85
51 80
5 98
93 19
1 73
71 12
31 15
36 7
93 34
69 39
22 76
59 48
32 54
6 21
19 46
86 15
15 66
22 57
26 62
88 74
56 78
3 70
45 5
94 81
91 35
30 82
46 89
31 69
98 43
72 41
57 68
5 35
4 2
41 55
10 45
17 55
94 77
54 12
26 51
84 73
81 38
40 54
30 51
90 5
55 82
32 76
43 20
